	/*cobjects([[-280,150,70,420],[210,440,410,130],[200,370,120,200],[370,350,40,10],[420,310,40,10],[550,310,40,10],[580,260,30,10],[580,200,20,10],[320,520,710,50],[320,400,30,155],[350,430,30,125],[380,460,30,110],[410,490,30,75],[440,520,30,50],[580,140,30,10],[640,40,280,20],[620,40,20,20],[620,120,20,450],[660,-70,30,120],[740,-70,30,120],[820,-70,30,120],[640,490,300,10],[680,440,40,50],[780,440,60,50],[870,460,20,30],[740,340,260,10],[640,120,10,370],[660,90,190,10],[650,130,10,10],[650,200,10,10],[650,270,10,10],[650,340,10,10],[650,410,10,10],[990,490,40,30],[990,450,10,40],[1000,450,30,20],[1020,470,10,20],[1000,420,20,30],[-280,510,530,60],[190,370,10,10],[190,430,10,10],[190,490,10,10],[1030,270,20,300],[940,480,20,30],[920,510,60,10],[960,490,30,20],[1070,220,30,40],[1170,220,20,40],[1280,220,30,40],[1410,220,40,30],[920,40,20,150],[940,170,120,10],[940,180,120,10],[1450,90,120,290],[1030,370,660,10],[1050,270,10,10],[1050,330,10,10], [-470,550,200,20],[-470,150,10,420],[-470,150,190,10],[-290,200,10,10],[780,90,10,250],[1380,140,10,10],[1330,80,10,10],[1090,130,10,10],[1160,80,10,10],[1240,40,10,10],[1440,170,10,10],[1440,110,10,10],[1570,150,10,10],[1570,210,10,10],[1570,270,10,10],[1570,320,10,10],[1570,90,10,10],[1790,360,110,10],[1910,360,30,10],[1960,360,20,10],[2010,360,20,10],[2030,110,10,260],[1960,110,20,10],[2010,110,20,10],[1850,110,110,10],[1890,370,10,360],[1910,370,10,360],[1930,370,10,360],[1960,370,10,360],[1970,370,10,360],[2010,370,10,350],[1860,720,30,10],[1860,730,10,100],[1960,730,10,110],[1930,2370,30,10],[1960,840,250,10],[2010,720,320,10],[2320,820,30,30],[2350,800,20,50],[2340,800,10,20],[2360,780,10,20],[2370,780,10,70],[2380,780,10,70],[2390,760,30,90],[2420,740,110,110],[2330,650,10,80],[2340,650,210,10],[2630,740,110,110],[2550,650,190,10],[2740,650,10,40],[2740,740,10,10],[2750,670,20,20],[2770,680,10,10],[2750,740,30,10],[2780,680,10,10],[2740,840,90,10],[2740,810,20,10],[2740,770,30,10],[2740,780,20,30],[2740,750,40,20],[2740,820,10,20],[2760,800,20,10],[2530,740,10,10],[2530,750,10,10],[2190,850,10,100],[2190,950,460,10],[2630,850,10,100],[2200,900,10,10],[2580,50,30,600],[2610,610,10,20],[2610,550,10,20],[2610,490,10,20],[2610,430,10,20],[2610,380,10,20],[2610,330,10,20],[2610,280,10,20],[2610,230,10,20],[2610,180,10,20],[2610,130,10,20],[2610,80,10,20],[2360,580,220,70],[2360,440,10,140]]);
	uncollidableObjects([[430,320,20,200],[380,360,20,120],[590,270,30,10],[590,210,30,10],[560,310,20,210],[590,150,30,10],[660,460,20,30],[770,460,10,30],[840,470,10,20],[900,440,40,50],[620,60,10,60],[920,500,10,20],[830,500,10,20],[720,500,10,20],[660,500,10,20],[770,500,10,20],[870,500,10,20],[660,60,30,50],[690,90,160,40],[830,50,10,60],[750,60,20,60],[740,120,10,380],[740,340,260,30],[980,350,10,170],[650,-70,190,10],[650,-130,10,60],[660,-130,10,10],[670,-120,10,10],[660,-110,10,10],[670,-100,10,20],[660,-80,10,10],[710,-130,10,60],[720,-130,30,10],[740,-120,10,50],[720,-80,30,10],[780,-130,10,30],[790,-100,10,10],[780,-90,10,20],[800,-90,10,20],[800,-130,10,30],[1000,470,30,20],[1040,190,10,80],[1050,220,400,10],[1380,140,70,10],[1330,80,10,290],[1240,40,10,330],[930,130,170,10],[930,80,240,10],[2310,670,280,10],[2570,540,20,130],[2020,710,310,10],[2010,680,20,10],[2020,610,10,10],[1870,580,150,10],[1880,460,10,10],[1880,460,10,10],[1880,520,10,10],[1880,390,150,10],[1570,270,210,10],[1780,280,130,10],[1910,290,60,10],[1970,300,10,10],[1980,300,10,10],[1990,310,10,20],[2000,330,10,30],[1880,350,120,10],[2030,180,0,0],[1880,350,120,10],[1570,220,10,10],[1570,160,10,10],[1570,100,10,10],[1450,80,120,10],[1340,170,30,10],[1250,170,50,10],[1270,120,60,10],[1060,170,50,20],[270,320,30,50],[260,310,50,10],[150,290,60,220],[140,270,80,20],[-280,200,310,10],[20,210,10,300],[30,220,10,10],[1230,100,10,10],[1230,160,10,10],[1230,210,10,10],[30,280,10,10],[-490,250,510,10],[-510,220,10,70],[-500,280,210,10],[-370,340,90,10]]);*/
	
	/*createParticle(670,-40,"100,100,100",5,60,3,-3,1000);
	createParticle(750,-40,"100,100,100",5,60,3,-3,1000);
	createParticle(830,-40,"100,100,100",5,60,3,-3,1000);

	createParticle(-290,200,"0,0,255",3,60,5,5,1000);
	createParticle(35,220,"0,0,255",3,30,2,7,500);
	createParticle(30,280,"0,0,255",3,60,2,7,500)*/

	/*createObject(2370,550,20,30,true,"100,0,0",function() {
		for(var i in players) {
			var plr = players[i]
			plr.color = "100,100,100";
			plr.collidable = false;
		}
		document.body.style.backgroundColor = "rgb(100,100,100)"
	});
	createObject(-460,490,60,60,false,"0,100,0",function() {
		win();
	});*/